2 0.0549851 0.680183 0.10997 0.248211
2 0.942525 0.643598 0.11495 0.173677
2 0.642033 0.599912 0.046953 0.0474838
2 0.571088 0.624282 0.043005 0.0496845
2 0.605907 0.597516 0.0288886 0.037824
9 0.284578 0.194939 0.0510642 0.225929
2 0.701149 0.605639 0.0704439 0.0688519
2 0.579521 0.596 0.0260091 0.0294305
2 0.561672 0.618501 0.059516 0.0641415
9 0.990407 0.340333 0.0179386 0.0835355
9 0.279885 0.156165 0.0410074 0.150847
80 0.7240885 0.6527778 0.2591146 0.0259259
80 0.5016927 0.8069444 0.2111979 0.212037
