2 0.747331 0.509119 0.0588628 0.0322964
2 0.931789 0.519408 0.136422 0.0559013
0 0.497374 0.771811 0.979448 0.456378
2 0.841377 0.515062 0.104978 0.0377458
9 0.230944 0.314818 0.0296882 0.0530693
0 0.476713 0.5032 0.0379395 0.093071
9 0.206033 0.267921 0.0350322 0.0606361
9 0.967806 0.357052 0.0224342 0.0436138
2 0.660007 0.51231 0.117703 0.05872
2 0.792693 0.514701 0.0535304 0.0300178
2 0.767827 0.50962 0.0415292 0.0330128
7 0.658593 0.513447 0.118589 0.0581399
9 0.588756 0.373777 0.0195096 0.0423499
9 0.572981 0.420803 0.0170346 0.0247598
2 0.812109 0.515656 0.0874533 0.0350217
2 0.180477 0.498935 0.102989 0.0501914
80 0.5825 0.7586207 0.625 0.3975659