2 0.1373 0.727624 0.2746 0.276211
9 0.891463 0.363048 0.0171127 0.0654378
2 0.608195 0.611717 0.0393389 0.0529221
2 0.158463 0.592326 0.073125 0.0540524
2 0.658238 0.596955 0.0331088 0.0392963
2 0.356131 0.685594 0.163891 0.136475
2 0.223613 0.627895 0.107695 0.117439
0 0.55289 0.611626 0.01658 0.0624556
9 0.969841 0.367471 0.0191235 0.066765
2 0.739145 0.595202 0.0237139 0.0274758
9 0.386248 0.269567 0.0222366 0.123831
2 0.62525 0.591042 0.0164999 0.0278843
80 0.6638021 0.6476852 0.115625 0.012963
80 0.5563802 0.7981481 0.2065104 0.2583333
