25 0.856025 0.434174 0.28795 0.113295
0 0.881721 0.737882 0.172072 0.50717
2 0.712765 0.654685 0.0889957 0.0906655
9 0.426657 0.427228 0.0247623 0.0403303
0 0.370225 0.687204 0.0399466 0.223768
0 0.263747 0.613734 0.0460272 0.137358
0 0.366421 0.664764 0.0277777 0.190038
2 0.618981 0.642804 0.0273856 0.0519623
0 0.373759 0.669391 0.0374801 0.181857
2 0.632496 0.644239 0.0477051 0.053064
2 0.638322 0.64779 0.0377481 0.0455397
2 0.623615 0.639246 0.0389543 0.0571598
80 0.5563802 0.8708333 0.4039063 0.2092593
