0 0.741511 0.508446 0.0854157 0.399579
0 0.415744 0.633449 0.128402 0.677726
0 0.533604 0.643621 0.14192 0.640414
0 0.204154 0.475575 0.052698 0.274636
0 0.0983452 0.477214 0.0806639 0.297472
0 0.161563 0.461314 0.0404535 0.262287
0 0.907596 0.418905 0.0497447 0.200563
0 0.84689 0.422321 0.0342467 0.181984
0 0.979368 0.428307 0.0412638 0.261126
9 0.252963 0.184546 0.0340727 0.0657188
0 0.0178463 0.46774 0.0356525 0.292809
0 0.266032 0.413293 0.028203 0.150151
0 0.259617 0.408018 0.0282155 0.158981
0 0.579819 0.374403 0.0337503 0.130862
0 0.013191 0.482323 0.0262695 0.326887
0 0.8735 0.41374 0.0299309 0.182051
0 0.609252 0.439451 0.0380718 0.225927
0 0.984903 0.427216 0.0301946 0.244093
26 0.208838 0.456883 0.0443998 0.105984
9 0.178413 0.151749 0.0255219 0.0308749
0 0.498014 0.400582 0.989516 0.243945
80 0.5392157 0.813783 0.6928105 0.2961877