2 0.566514 0.629896 0.045624 0.0599823
2 0.42674 0.686797 0.172375 0.203137
2 0.0277607 0.641751 0.0553446 0.0629742
9 0.557335 0.433783 0.0130451 0.0523529
9 0.481868 0.438639 0.0149113 0.0570411
0 0.800861 0.621131 0.0203629 0.0675496
2 0.592519 0.59801 0.0369827 0.0456375
2 0.596341 0.591334 0.0404673 0.0566084
0 0.666237 0.618594 0.0136155 0.0627764
9 0.91508 0.199647 0.0350193 0.104984
0 0.663321 0.621609 0.0166653 0.0659237
9 0.963785 0.0630746 0.0506905 0.125916
0 0.666958 0.60845 0.0159987 0.0779873
0 0.669809 0.599757 0.0163351 0.0755327
80 0.830599 0.7990741 0.1971354 0.2546296