2 0.954198 0.676767 0.0915497 0.195496
7 0.904492 0.629112 0.186276 0.200977
2 0.904544 0.629503 0.188141 0.200469
2 0.328015 0.636314 0.069101 0.0519284
2 0.365257 0.637837 0.0347123 0.031351
9 0.0689754 0.38187 0.015862 0.061045
2 0.412048 0.630765 0.0472553 0.0390722
9 0.384142 0.418089 0.015668 0.0707899
2 0.423565 0.630144 0.0274725 0.0319411
0 0.520623 0.64749 0.015789 0.0517558
2 0.404716 0.633457 0.0415006 0.0344008
2 0.409833 0.623852 0.0522214 0.0519009
80 0.6559896 0.8203704 0.3338542 0.2583333
80 0.3546875 0.6780093 0.2427083 0.0263889