0 0.47361 0.518171 0.0591217 0.245084
0 0.377083 0.505304 0.0912548 0.265859
2 0.27631 0.372686 0.0366161 0.0419344
2 0.336654 0.373592 0.0351207 0.0387139
9 0.81985 0.0814942 0.0480499 0.151075
2 0.18752 0.365804 0.0777445 0.0875068
9 0.739765 0.221029 0.0507043 0.0535425
2 0.851437 0.446846 0.0988189 0.107269
2 0.646356 0.341064 0.0713259 0.0655656
9 0.747207 0.102531 0.0336124 0.160987
9 0.725453 0.21794 0.0225001 0.0440074
9 0.728522 0.22097 0.0277557 0.0529569
2 0.246498 0.373351 0.0252379 0.0322371
26 0.418361 0.550134 0.0432738 0.0800127
26 0.339645 0.55939 0.0296307 0.089504
9 0.746595 0.137811 0.0351911 0.110061
9 0.779945 0.103909 0.0985175 0.202829
7 0.18664 0.365647 0.0797839 0.088625
2 0.250236 0.372985 0.0215577 0.0365126
80 0.6362451 0.7956522 0.6049544 0.3565217