2 0.313205 0.644947 0.104193 0.0813176
0 0.754657 0.639238 0.0257057 0.110362
2 0.472502 0.619554 0.030529 0.0401455
10 0.908047 0.696214 0.0527752 0.137121
0 0.70071 0.643984 0.0267963 0.12697
0 0.729879 0.655079 0.021493 0.0959673
9 0.856411 0.308465 0.0328051 0.129846
9 0.543401 0.491103 0.0149433 0.0647369
2 0.534388 0.606641 0.0198372 0.0296044
1 0.72975 0.655242 0.0214745 0.0972156
80 0.724349 0.7023148 0.2721354 0.0731481
80 0.4351563 0.6488426 0.1328125 0.0226852
80 0.1654948 0.8592593 0.3075521 0.212963
80 0.0623698 0.6520833 0.1200521 0.0106481