0 0.346897 0.230252 0.0702019 0.270462
0 0.556905 0.231891 0.0769884 0.255289
0 0.479127 0.254678 0.060425 0.201613
0 0.629209 0.214354 0.061733 0.25797
0 0.744055 0.237856 0.0706049 0.342229
0 0.696597 0.210833 0.0711311 0.315881
0 0.417837 0.158232 0.0360647 0.127496
0 0.263223 0.200569 0.057382 0.215181
0 0.502084 0.651907 0.992198 0.596164
0 0.143545 0.165089 0.0248815 0.0897382
2 0.0551361 0.16763 0.100081 0.0637707
26 0.23981 0.169902 0.0294493 0.0880461
0 0.1107 0.169452 0.0162875 0.0573906
26 0.238663 0.189173 0.0275171 0.0489327
0 0.45455 0.157025 0.0274542 0.126434
2 0.0546438 0.1516 0.0968307 0.0283156
2 0.169716 0.160106 0.0476138 0.0584554
0 0.700262 0.231578 0.0486818 0.268104
80 0.575 0.7782313 0.7969388 0.370068
80 0.4928571 0.4204082 0.3612245 0.1251701