2 0.734028 0.695096 0.113427 0.119338
2 0.250738 0.679829 0.0776724 0.073842
2 0.0701061 0.67934 0.0560933 0.0630673
9 0.412562 0.0594079 0.0471806 0.118816
0 0.159857 0.700223 0.0301339 0.11117
2 0.0788665 0.684687 0.038704 0.0549323
2 0.883978 0.633147 0.0347588 0.046748
9 0.354173 0.473406 0.0121916 0.0548547
2 0.182809 0.690858 0.029648 0.0548303
2 0.884816 0.643246 0.0321142 0.0471388
9 0.712899 0.459991 0.0149986 0.047692
2 0.191791 0.669752 0.0363808 0.037295
80 0.2292969 0.73125 0.2138021 0.0310185
80 0.1089844 0.8780093 0.2122396 0.1800926
