0 0.309958 0.575989 0.0197827 0.0914369
0 0.328958 0.542321 0.0290918 0.145006
0 0.586696 0.495788 0.016778 0.0809323
0 0.273817 0.537028 0.0247467 0.150102
0 0.247318 0.538697 0.0330467 0.148581
0 0.320992 0.54708 0.0375395 0.147792
9 0.892412 0.274888 0.0271074 0.0669168
10 0.502062 0.594431 0.0305712 0.120959
0 0.0972805 0.524463 0.0360216 0.0664697
0 0.0890418 0.527444 0.0520729 0.0705734
0 0.255939 0.537661 0.0370546 0.148565
80 0.5981771 0.5252315 0.1609375 0.024537
80 0.8558594 0.5428241 0.1434896 0.0171296
