0 0.89884 0.68952 0.20232 0.603178
2 0.124002 0.624895 0.161358 0.117333
2 0.256332 0.614236 0.0733562 0.0780782
0 0.647997 0.637374 0.0264141 0.0999471
0 0.563019 0.643501 0.0258743 0.124555
0 0.456686 0.617899 0.0244944 0.111077
0 0.379793 0.619761 0.018198 0.0786482
0 0.556401 0.645079 0.0240049 0.11979
0 0.556696 0.643073 0.0171545 0.119306
0 0.376628 0.615225 0.0201717 0.0826397
0 0.564495 0.630465 0.0290451 0.15909
2 0.633212 0.606232 0.0533352 0.0804087
80 0.671224 0.7990741 0.2950521 0.2185185
