7 0.384174 0.706511 0.145761 0.155282
0 0.656479 0.764701 0.0310688 0.148881
2 0.0558835 0.794936 0.111767 0.193887
0 0.685808 0.765784 0.0310325 0.136484
10 0.512157 0.78646 0.0208349 0.0668254
9 0.380458 0.404119 0.0261496 0.118766
0 0.627201 0.762622 0.0235007 0.141887
2 0.270192 0.744545 0.0923479 0.0895872
9 0.23081 0.446806 0.0209846 0.0860585
9 0.153778 0.455546 0.0177352 0.0750944
0 0.128119 0.746554 0.0140661 0.0662628
80 0.7117187 0.9356481 0.4140625 0.0935185
80 0.2760417 0.8361111 0.3041667 0.1185185