5 0.680556 0.434804 0.372307 0.169305
0 0.751878 0.494066 0.0388321 0.122172
5 0.283038 0.484391 0.144855 0.127163
5 0.719633 0.435036 0.23697 0.170915
9 0.865185 0.179305 0.015572 0.0638699
5 0.537205 0.451271 0.0843853 0.133475
5 0.929789 0.397582 0.140092 0.170359
9 0.70308 0.119104 0.0261881 0.110605
1 0.363993 0.514516 0.0450326 0.0729702
0 0.767008 0.498168 0.0392908 0.122661
0 0.779685 0.49703 0.0337959 0.119348
1 0.375852 0.51208 0.0231883 0.0588423
1 0.355136 0.519278 0.0339485 0.0799327
0 0.304314 0.508331 0.0220913 0.106906
0 0.279814 0.492604 0.0266611 0.0864315
0 0.307494 0.503087 0.0202032 0.104895
9 0.249315 0.377686 0.0143829 0.0446309
9 0.884083 0.168202 0.0167892 0.0396808
80 0.7882813 0.5939815 0.3432292 0.0953704