0 0.117531 0.751015 0.137663 0.490011
0 0.419699 0.758899 0.0805958 0.463894
9 0.939753 0.537695 0.0163177 0.0321828
5 0.625452 0.618216 0.13601 0.128774
0 0.848673 0.692778 0.0325844 0.160055
0 0.881791 0.659263 0.0196362 0.0900269
26 0.186697 0.856187 0.0537415 0.137341
2 0.0147486 0.631115 0.0294971 0.0881651
0 0.910089 0.689725 0.0340523 0.0921105
26 0.433103 0.689988 0.0423529 0.115241
0 0.286303 0.640216 0.0125539 0.0627446
28 0.186945 0.8578 0.0524095 0.128864
0 0.746651 0.654225 0.0181515 0.0839393
0 0.906145 0.685509 0.0220282 0.0823649
9 0.504778 0.402637 0.023052 0.0422609
80 0.5936198 0.7 0.1372396 0.0351852
80 0.86875 0.8247685 0.2229167 0.1634259
