2 0.0387883 0.687893 0.0775766 0.260554
9 0.93841 0.094382 0.0526894 0.185048
0 0.757106 0.641028 0.0294802 0.127973
0 0.114031 0.612912 0.0213604 0.0832421
0 0.676621 0.629552 0.0203382 0.0834164
0 0.159673 0.826577 0.16557 0.334234
0 0.143891 0.6 0.0201958 0.0660461
0 0.301936 0.60869 0.0137813 0.0418155
0 0.194695 0.62109 0.0251586 0.0775762
9 0.223707 0.471955 0.0138494 0.0589579
0 0.182073 0.619518 0.0294609 0.0797582
0 0.1519 0.597806 0.0304384 0.0744359
0 0.191551 0.618197 0.0357416 0.08009
0 0.172362 0.632826 0.020822 0.0521622
9 0.348645 0.0897588 0.0239429 0.158781
9 0.94912 0.0968565 0.0750465 0.189816
0 0.92744 0.61958 0.020647 0.0870956
0 0.194341 0.633404 0.0204543 0.0513441
80 0.483724 0.6548611 0.1658854 0.0375
80 0.6957031 0.7268519 0.2231771 0.1111111
