2 0.91383 0.832603 0.172126 0.227166
2 0.477204 0.774843 0.07116 0.0541178
2 0.249447 0.76882 0.0536315 0.0534186
9 0.942421 0.165259 0.046653 0.138482
2 0.800812 0.811926 0.098815 0.117728
2 0.30929 0.779698 0.0379056 0.0305023
0 0.156419 0.761771 0.0100113 0.0500412
9 0.776486 0.551568 0.0164679 0.0560272
2 0.371422 0.781958 0.0329141 0.0261763
2 0.357822 0.773318 0.0634644 0.0436768
9 0.978267 0.523337 0.0197823 0.0829356
0 0.630632 0.760303 0.0111208 0.0455265
2 0.341006 0.770364 0.029703 0.0420798
2 0.378108 0.781555 0.0274038 0.0293894
0 0.16669 0.761005 0.0109878 0.0520006
2 0.278131 0.772864 0.0289708 0.0416289
2 0.342092 0.762921 0.0319788 0.0408244
80 0.1636719 0.8946759 0.2804687 0.1791667
80 0.3864583 0.8011574 0.2364583 0.0152778