0 0.41192 0.628008 0.0252655 0.131342
0 0.338737 0.601853 0.0242718 0.12664
0 0.367733 0.605184 0.0286043 0.144957
2 0.597937 0.583072 0.0319868 0.0404663
2 0.12981 0.573739 0.040233 0.0746816
2 0.296185 0.565077 0.0525091 0.0581056
2 0.634919 0.58887 0.0466816 0.0490665
9 0.20117 0.414681 0.0359766 0.0561406
2 0.246318 0.56566 0.0328321 0.0575687
2 0.679989 0.589191 0.0364335 0.0386509
2 0.5592 0.58968 0.0372108 0.0415626
9 0.122353 0.441801 0.0286345 0.0939226
9 0.372752 0.353823 0.0178714 0.0922926
2 0.554906 0.586084 0.0420567 0.0454408
7 0.194666 0.539987 0.0789492 0.0770023
2 0.251902 0.56505 0.0468286 0.0547385
9 0.171766 0.4069 0.0345416 0.111659
2 0.265777 0.567456 0.0228783 0.0514601
80 0.386849 0.6770833 0.1221354 0.0699074
