0 0.460733 0.635411 0.0351486 0.151862
0 0.576233 0.64075 0.0238943 0.128089
2 0.0289193 0.613265 0.0578385 0.0834724
0 0.654716 0.645489 0.0435422 0.173052
0 0.516343 0.649473 0.0213548 0.147056
25 0.548244 0.566557 0.0502117 0.0391958
0 0.552911 0.647124 0.0237678 0.147096
2 0.858403 0.621728 0.108853 0.136374
2 0.374118 0.602054 0.0422052 0.0504367
2 0.376184 0.60646 0.034936 0.0443637
0 0.439506 0.612482 0.0130369 0.0956584
0 0.292394 0.595559 0.0147138 0.0717029
0 0.641418 0.649503 0.0204987 0.146312
