5 0.241219 0.485451 0.150069 0.277445
0 0.548258 0.551928 0.0232058 0.183439
0 0.787656 0.549207 0.0304137 0.21896
7 0.419038 0.47824 0.225569 0.388476
0 0.615238 0.569525 0.0312043 0.225507
0 0.750229 0.557255 0.028386 0.175736
0 0.681173 0.563316 0.0385584 0.235188
0 0.840666 0.549984 0.0280873 0.209946
0 0.721543 0.547939 0.0352366 0.200911
9 0.575129 0.149799 0.0272226 0.148559
0 0.833909 0.549706 0.0399794 0.214532
5 0.418545 0.476434 0.225553 0.390031
0 0.727095 0.548188 0.0251095 0.199591
0 0.566819 0.56096 0.0230322 0.198743
0 0.710313 0.555128 0.0197062 0.178341
0 0.822544 0.552034 0.0285408 0.205825
0 0.806759 0.542146 0.0237398 0.21915
0 0.674659 0.559962 0.026735 0.235536
80 0.2502874 0.6964637 0.4729885 0.0556647
80 0.7423851 0.7992796 0.5031609 0.1552063