0 0.549982 0.585433 0.182445 0.814386
0 0.70237 0.558172 0.169717 0.773733
0 0.270521 0.563169 0.155435 0.7501
0 0.426724 0.527465 0.102402 0.514361
0 0.944018 0.56599 0.111964 0.547112
0 0.865326 0.475432 0.0864903 0.493656
0 0.375234 0.506703 0.0697382 0.42708
0 0.0930992 0.49625 0.186149 0.982067
0 0.813905 0.491623 0.0586449 0.403795
26 0.234524 0.433385 0.0993992 0.241469
28 0.743024 0.721758 0.0428314 0.147167
0 0.143649 0.439839 0.121876 0.740803
28 0.752085 0.716459 0.0664942 0.160244
26 0.0756619 0.390074 0.151324 0.455594
26 0.237445 0.462528 0.0921093 0.181744
26 0.947543 0.633942 0.10402 0.173863
