2 0.809485 0.592547 0.111861 0.0644489
2 0.712705 0.593685 0.0863836 0.0734423
0 0.376409 0.597034 0.01997 0.0927873
9 0.730233 0.414609 0.0088665 0.0350538
0 0.326928 0.592846 0.0185581 0.0733587
2 0.978859 0.564655 0.0403225 0.0345863
9 0.646068 0.401021 0.0130829 0.0379023
2 0.62559 0.567158 0.0538963 0.0495249
2 0.562079 0.571103 0.0312878 0.0297319
9 0.278522 0.203531 0.0194655 0.0783161
2 0.518536 0.557389 0.0410672 0.0336914
2 0.55889 0.564939 0.0348088 0.0428867
9 0.650626 0.40141 0.0185596 0.0340083
9 0.68829 0.407653 0.0121709 0.0369503
9 0.252686 0.11145 0.0243654 0.0884805
80 0.3533854 0.6462963 0.1229167 0.0518519
80 0.5904948 0.5990741 0.1419271 0.0138889
