9 0.758842 0.395459 0.0168454 0.0704936
2 0.0904563 0.626325 0.053064 0.0586819
9 0.6612 0.423601 0.0137032 0.0622389
2 0.0134957 0.647076 0.0269914 0.0721012
2 0.0477365 0.619807 0.0395551 0.0450233
9 0.374249 0.389607 0.017048 0.0691859
2 0.934322 0.614848 0.0989742 0.0685421
9 0.86396 0.188029 0.0430748 0.119099
9 0.439113 0.420373 0.0138289 0.0649175
7 0.158384 0.633812 0.0788157 0.0732883
2 0.157827 0.633978 0.078718 0.0755349
2 0.696362 0.6133 0.0378767 0.0378989
2 0.808601 0.581856 0.0259333 0.0289542
2 0.796275 0.566656 0.0451735 0.0473935
2 0.944094 0.621058 0.0757563 0.0580404
80 0.924349 0.7365741 0.1388021 0.112037
80 0.7057292 0.6601852 0.2494792 0.0148148
80 0.1934896 0.6851852 0.1703125 0.0240741
