2 0.916776 0.666966 0.166261 0.209048
2 0.838361 0.664096 0.182654 0.149708
2 0.374302 0.669387 0.0587553 0.0442145
2 0.499768 0.670815 0.0515174 0.0814039
2 0.410668 0.664723 0.0342186 0.0446599
0 0.583001 0.667702 0.0177401 0.075076
2 0.504906 0.657122 0.0603112 0.107624
9 0.334604 0.500216 0.0122908 0.0563402
9 0.548699 0.446361 0.0172441 0.103464
2 0.443154 0.662215 0.0281092 0.044691
2 0.438319 0.666142 0.0322083 0.0423733
10 0.708035 0.679915 0.0159015 0.0481523
0 0.59171 0.668321 0.0128219 0.0731086
80 0.7154948 0.8490741 0.3502604 0.2444444
80 0.3623698 0.7097222 0.2736979 0.0287037