2 0.688463 0.641426 0.0630264 0.0630625
0 0.409781 0.647728 0.0277148 0.138341
2 0.591036 0.635369 0.0397257 0.048804
0 0.415001 0.639846 0.0201488 0.108439
9 0.433251 0.449869 0.0210117 0.033607
25 0.882281 0.509185 0.235438 0.364565
2 0.633718 0.636039 0.0483205 0.0684682
0 0.2726 0.608476 0.0253386 0.0667038
0 0.408306 0.653041 0.0210951 0.126206
5 0.882897 0.536111 0.234207 0.420536
2 0.60108 0.643934 0.0275927 0.0478031
0 0.272642 0.628925 0.0286718 0.109647
80 0.5315104 0.84375 0.3072917 0.2402778
