2 0.861749 0.621717 0.176706 0.142074
2 0.182745 0.563266 0.0490124 0.0557031
2 0.640198 0.594178 0.0632839 0.0620358
0 0.387186 0.630642 0.0240697 0.143283
2 0.0223503 0.576003 0.0445906 0.100594
0 0.328311 0.594942 0.0291093 0.132398
2 0.238063 0.564648 0.0715288 0.0664039
0 0.365716 0.596381 0.0255775 0.134238
2 0.537145 0.58893 0.032098 0.0514553
0 0.322352 0.597653 0.0238544 0.126997
2 0.148407 0.559094 0.0339388 0.0387448
2 0.601115 0.58548 0.0294746 0.0423048
2 0.622502 0.590445 0.0662888 0.0567335
2 0.57348 0.569365 0.0244741 0.0323792
2 0.605705 0.587014 0.0384392 0.0463928
2 0.212786 0.563445 0.100182 0.0610592
0 0.0792277 0.556481 0.0230931 0.0768433
80 0.3625 0.7349537 0.103125 0.1949074
80 0.6582031 0.6300926 0.1486979 0.0185185
