0 0.890902 0.583258 0.202955 0.810015
2 0.126813 0.435597 0.108903 0.143793
2 0.708303 0.396526 0.156517 0.0900428
2 0.0436739 0.391629 0.0873478 0.094912
0 0.581763 0.439429 0.0513412 0.212944
2 0.405598 0.392249 0.0617461 0.0822669
0 0.507614 0.372746 0.0194248 0.0913939
2 0.782312 0.41543 0.0754353 0.0851054
9 0.461521 0.096392 0.0148146 0.0590997
2 0.990834 0.392334 0.0183317 0.134618
0 0.219006 0.3462 0.0125613 0.0393928
2 0.0970981 0.430367 0.168171 0.140014
0 0.233716 0.346346 0.0110666 0.0444997
80 0.5501302 0.5236111 0.1096354 0.1842593
80 0.2839844 0.4157407 0.1653646 0.0240741
