2 0.516317 0.476802 0.100981 0.068192
0 0.651152 0.493933 0.0279661 0.144054
2 0.693656 0.45612 0.0642399 0.0481754
9 0.67988 0.0630279 0.0274635 0.123164
9 0.907923 0.151211 0.0191933 0.0762861
0 0.618793 0.493573 0.0271514 0.124239
0 0.20065 0.492844 0.0301514 0.0998523
9 0.356282 0.358399 0.0163365 0.047914
5 0.227344 0.484933 0.160562 0.156764
9 0.873993 0.143054 0.0188459 0.0436467
5 0.969615 0.413642 0.0606876 0.256492
9 0.0382409 0.398271 0.0203125 0.0805015
9 0.19556 0.36888 0.0159253 0.0501241
11 0.462985 0.39192 0.0161966 0.0441917
0 0.329869 0.497008 0.0172312 0.0699548
58 0.167858 0.526596 0.0318232 0.0576523
80 0.7648438 0.6208333 0.3578125 0.137963
