0 0.00936224 0.668617 0.018691 0.134093
0 0.847938 0.610667 0.0290954 0.150004
0 0.164567 0.66345 0.0236879 0.121911
0 0.157785 0.666198 0.0269729 0.121647
0 0.991611 0.607958 0.0167772 0.114417
0 0.13341 0.656897 0.024537 0.141546
0 0.137539 0.655066 0.0192595 0.145542
0 0.562592 0.626173 0.0269952 0.145837
0 0.838426 0.61259 0.0206987 0.140587
80 0.8060475 0.795972 0.3706263 0.1593695
80 0.3516199 0.7154116 0.3058315 -0.0052539
9 0.5522678 0.3870403 0.0116631 0.0490368
9 0.162203 0.4251313 0.0090713 0.0481611