0 0.039713 0.711201 0.079426 0.577599
2 0.627019 0.534205 0.0806624 0.096191
2 0.699741 0.509925 0.0989082 0.112748
2 0.569623 0.526571 0.047743 0.0793299
9 0.296667 0.375909 0.0188252 0.0424158
0 0.395192 0.525001 0.0183171 0.0985161
0 0.297631 0.5793 0.027434 0.176917
0 0.47956 0.537498 0.0190838 0.0993258
9 0.299804 0.375843 0.0251458 0.0467965
9 0.855277 0.369909 0.0127127 0.0433517
9 0.960788 0.110584 0.0191605 0.0907391
9 0.457084 0.354725 0.0146412 0.0665494
2 0.508088 0.551538 0.0379737 0.0657701
80 0.4677083 0.7867528 0.4796875 0.1960151
80 0.796224 0.5805062 0.3466146 -0.0236941