0 0.781716 0.742044 0.0268732 0.159093
0 0.284699 0.777922 0.0247863 0.120237
0 0.928337 0.726429 0.0299969 0.185058
0 0.194874 0.757275 0.0200957 0.106508
9 0.563265 0.377952 0.0180511 0.0933315
2 0.585778 0.715295 0.0267362 0.0377658
9 0.159203 0.267895 0.0239165 0.142859
2 0.472719 0.744948 0.0519081 0.0692595
9 0.405405 0.409894 0.0162422 0.0749701
0 0.290039 0.777215 0.0171866 0.118304
0 0.0318532 0.752145 0.0237557 0.143451
0 0.814409 0.69534 0.0146572 0.104518
9 0.689913 0.545342 0.0174387 0.0352837
2 0.587975 0.711996 0.0330742 0.0441357
2 0.59747 0.710797 0.0434267 0.0368833
9 0.68676 0.545058 0.0136478 0.0343064
0 0.384869 0.74819 0.0132068 0.0713347
2 0.606555 0.709695 0.0272949 0.0383645
80 0.8212145 0.8789359 0.3393276 0.0770901
80 0.4768048 0.8243757 0.1665364 0.0287731