0 0.0914239 0.748367 0.0291089 0.124751
2 0.421693 0.674346 0.0359451 0.0619253
1 0.0401821 0.774846 0.0803642 0.112412
1 0.0192377 0.775183 0.0379624 0.107062
2 0.980027 0.775403 0.0399465 0.262801
0 0.304677 0.749671 0.0390132 0.154018
0 0.0653393 0.750417 0.0236178 0.107531
1 0.687733 0.709613 0.0293634 0.066651
0 0.0173064 0.745746 0.0313904 0.138478
1 0.0561868 0.772831 0.0508687 0.110974
5 0.455784 0.666186 0.0297333 0.055525
0 0.755056 0.679147 0.0185784 0.0789352
9 0.73517 0.392577 0.0126035 0.0678285
2 0.457021 0.669894 0.0280166 0.0444291
80 0.4432218 0.8094017 0.6478873 -0.0239316
9 0.0442342 0.4649573 0.0171655 0.0598291